TTT	F	0.59	1.17	1.000	26.1	(170666)
TTA	L	0.28	1.66	0.962	26.2	(170884)
TTG	L(s)	0.29	1.72	1.000	27.2	(177573)
TTC	F	0.41	0.83	0.706	18.4	(120510)
TAT	Y	0.56	1.12	1.000	18.8	(122728)
TAA	*	0.47	1.41	1.000	1.1	(6913)
TAG	*	0.23	0.68	0.479	0.5	(3312)
TAC	Y	0.44	0.88	0.787	14.8	(96596)
TGT	C	0.63	1.26	1.000	8.1	(52903)
TGA	*	0.30	0.91	0.643	0.7	(4447)
TGG	W	1.00	1.00	1.000	10.4	(67789)
TGC	C	0.37	0.74	0.588	4.8	(31095)
TCT	S	0.26	1.58	1.000	23.5	(153557)
TCA	S	0.21	1.26	0.795	18.7	(122028)
TCG	S	0.10	0.58	0.364	8.6	(55951)
TCC	S	0.16	0.96	0.605	14.2	(92923)
ATT	I	0.46	1.39	1.000	30.1	(196893)
ATA	I	0.27	0.82	0.590	17.8	(116254)
ATG	M(s)	1.00	1.00	1.000	20.9	(136805)
ATC	I	0.26	0.79	0.570	17.2	(112176)
AAT	N	0.59	1.18	1.000	35.7	(233124)
AAA	K	0.58	1.15	1.000	41.9	(273618)
AAG	K	0.42	0.85	0.736	30.8	(201361)
AAC	N	0.41	0.82	0.696	24.8	(162199)
AGT	S	0.16	0.95	0.602	14.2	(92466)
AGA	R	0.48	2.89	1.000	21.3	(139081)
AGG	R	0.21	1.25	0.433	9.2	(60289)
AGC	S	0.11	0.66	0.415	9.8	(63726)
ACT	T	0.34	1.38	1.000	20.3	(132522)
ACA	T	0.30	1.21	0.876	17.8	(116084)
ACG	T	0.14	0.54	0.393	8.0	(52045)
ACC	T	0.22	0.87	0.628	12.7	(83207)
GTT	V	0.39	1.56	1.000	22.1	(144243)
GTA	V	0.21	0.84	0.533	11.8	(76927)
GTG	V	0.19	0.76	0.488	10.8	(70337)
GTC	V	0.21	0.84	0.533	11.8	(76947)
GAT	D	0.65	1.30	1.000	37.6	(245641)
GAA	E	0.70	1.41	1.000	45.6	(297944)
GAG	E	0.30	0.59	0.422	19.2	(125717)
GAC	D	0.35	0.70	0.538	20.2	(132048)
GGT	G	0.47	1.89	1.000	23.9	(156109)
GGA	G	0.21	0.86	0.456	10.9	(71216)
GGG	G	0.12	0.48	0.252	6.0	(39359)
GGC	G	0.19	0.77	0.409	9.8	(63903)
GCT	A	0.38	1.51	1.000	21.2	(138358)
GCA	A	0.29	1.16	0.765	16.2	(105910)
GCG	A	0.11	0.44	0.292	6.2	(40358)
GCC	A	0.22	0.90	0.595	12.6	(82357)
CTT	L	0.13	0.77	0.451	12.3	(80076)
CTA	L	0.14	0.85	0.493	13.4	(87619)
CTG	L(s)	0.11	0.66	0.386	10.5	(68494)
CTC	L	0.06	0.34	0.200	5.4	(35545)
CAT	H	0.64	1.27	1.000	13.6	(89007)
CAA	Q	0.69	1.39	1.000	27.3	(178251)
CAG	Q	0.31	0.61	0.444	12.1	(79121)
CAC	H	0.36	0.73	0.571	7.8	(50785)
CGT	R	0.14	0.87	0.300	6.4	(41791)
CGA	R	0.07	0.41	0.141	3.0	(19562)
CGG	R	0.04	0.24	0.082	1.7	(11351)
CGC	R	0.06	0.35	0.122	2.6	(16993)
CCT	P	0.31	1.23	0.738	13.5	(88263)
CCA	P	0.42	1.67	1.000	18.3	(119641)
CCG	P	0.12	0.48	0.289	5.3	(34597)
CCC	P	0.15	0.62	0.370	6.8	(44309)
