#codon	online	self	online/self
ATG	1.0	1.0	1.0
GTC	0.533	0.5191	1.0268
AAA	1.0	1.0	1.0
TTA	0.962	0.9907	0.971
ACT	1.0	1.0	1.0
TCA	0.795	0.8151	0.9753
ATC	0.57	0.5577	1.022
GCC	0.595	0.6095	0.9763
GCT	1.0	1.0	1.0
GGT	1.0	1.0	1.0
TCT	1.0	1.0	1.0
GCA	0.765	0.8106	0.9437
ACC	0.628	0.614	1.0228
CTA	0.493	0.5081	0.9702
CAA	1.0	1.0	1.0
GAC	0.538	0.5265	1.0219
GAA	1.0	1.0	1.0
AGA	1.0	1.0	1.0
AAC	0.696	0.6686	1.041
TTG	1.0	1.0	1.0
GTG	0.488	0.5075	0.9616
TAC	0.787	0.7572	1.0393
GAT	1.0	1.0	1.0
CAC	0.571	0.5505	1.0372
TTC	0.706	0.678	1.0413
CCA	1.0	1.0	1.0
GTT	1.0	1.0	1.0
ATT	1.0	1.0	1.0
TGG	1.0	1.0	1.0
TCC	0.605	0.6032	1.003
AGC	0.415	0.4305	0.964
AAG	0.736	0.7118	1.0339
AGT	0.602	0.6235	0.9656
ATA	0.59	0.6016	0.9807
GGG	0.252	0.2772	0.9092
CCG	0.289	0.3086	0.9364
AGG	0.433	0.4638	0.9336
TGC	0.588	0.6068	0.9689
CTT	0.451	0.4615	0.9772
CCC	0.37	0.3935	0.9404
TTT	1.0	1.0	1.0
CCT	0.738	0.7668	0.9624
ACA	0.876	0.9062	0.9666
TCG	0.364	0.3761	0.9678
AAT	1.0	1.0	1.0
CGA	0.141	0.1459	0.9663
CGT	0.3	0.2962	1.0129
TAT	1.0	1.0	1.0
TGT	1.0	1.0	1.0
CTG	0.386	0.4044	0.9545
CGG	0.082	0.0884	0.9274
CAT	1.0	1.0	1.0
CTC	0.2	0.2066	0.9681
GGA	0.456	0.5003	0.9114
GTA	0.533	0.5587	0.954
GAG	0.422	0.4305	0.9803
CAG	0.444	0.4626	0.9597
ACG	0.393	0.4119	0.954
GGC	0.409	0.4407	0.928
GCG	0.292	0.3134	0.9318
CGC	0.122	0.1285	0.9494
